Electricity_96_24_Linear_custom_ftS_tgOT_sl96_ll48_pl24_dm512_nh8_el2_dl1_df2048_fc1_ebtimeF_dtTrue_Exp_0  
mse:0.2972639501094818, mae:0.3969498872756958, rse:0.5334608554840088, corr:[0.40436682 0.40359187 0.40134457 0.39826977 0.3955452  0.3946029
 0.3949946  0.39463824 0.39398357 0.39191997 0.38909003 0.38633195
 0.38481125 0.38446453 0.3854414  0.3864442  0.38659847 0.38693744
 0.3864678  0.38605404 0.38596633 0.38619974 0.38603196 0.3864061 ]

Electricity_192_24_Linear_custom_ftS_tgOT_sl192_ll48_pl24_dm512_nh8_el2_dl1_df2048_fc1_ebtimeF_dtTrue_Exp_0  
mse:0.15193438529968262, mae:0.2770289480686188, rse:0.3813813626766205, corr:[0.41032293 0.41416582 0.41649398 0.4173781  0.41826957 0.4196483
 0.42054343 0.4214714  0.42183277 0.421097   0.42055422 0.4197997
 0.4191885  0.41882882 0.41873336 0.41883633 0.41847575 0.41796765
 0.41747698 0.41752306 0.41730797 0.41743252 0.41741553 0.41820678]

Electricity_336_24_Linear_custom_ftS_tgOT_sl336_ll48_pl24_dm512_nh8_el2_dl1_df2048_fc1_ebtimeF_dtTrue_Exp_0  
mse:0.1399695873260498, mae:0.26426467299461365, rse:0.3660566508769989, corr:[0.41210082 0.41639593 0.4189737  0.4210184  0.42268378 0.42458495
 0.4260886  0.42721108 0.42745733 0.42693818 0.42592335 0.42480797
 0.42426768 0.4240671  0.42379755 0.4238081  0.42341158 0.42300215
 0.4222239  0.4213306  0.4208299  0.42005298 0.42038795 0.4212267 ]

Electricity_720_24_Linear_custom_ftS_tgOT_sl720_ll48_pl24_dm512_nh8_el2_dl1_df2048_fc1_ebtimeF_dtTrue_Exp_0  
mse:0.12722764909267426, mae:0.2518731355667114, rse:0.34899741411209106, corr:[0.41229385 0.41634017 0.41992941 0.42152968 0.4231116  0.42436975
 0.42509928 0.42547584 0.42497656 0.42443195 0.42405665 0.4233606
 0.4229897  0.4218688  0.42159557 0.42143106 0.4216069  0.42155755
 0.42135707 0.42083535 0.42124015 0.42106524 0.42174712 0.42236364]

Electricity_96_24_Linear_custom_ftS_tgOT_sl96_ll48_pl24_dm512_nh8_el2_dl1_df2048_fc1_ebtimeF_dtTrue_Exp_0  
mse:0.2393198162317276, mae:0.24827678501605988, rse:0.4947250485420227, corr:[0.394142   0.387332   0.38455528 0.38174018 0.37958476 0.37728602
 0.3747343  0.37427622 0.37295696 0.3720487  0.37183696 0.37188673
 0.37107906 0.37070647 0.3701694  0.36956257 0.36938342 0.3678396
 0.3671949  0.3674129  0.36690438 0.36619666 0.36614668 0.36546725]

Electricity_192_24_Linear_custom_ftS_tg0_sl192_ll48_pl24_dm512_nh8_el2_dl1_df2048_fc1_ebtimeF_dtTrue_Exp_0  
mse:0.23946423828601837, mae:0.265621542930603, rse:0.4948742985725403, corr:[0.3939849  0.386912   0.38441807 0.38230127 0.37997288 0.37808907
 0.37610045 0.37327757 0.37315997 0.3725265  0.37121284 0.37066874
 0.3694202  0.36927965 0.36923423 0.36954543 0.3676144  0.36711466
 0.36681446 0.36381    0.36351725 0.3644415  0.36494696 0.36284405]

Electricity_336_24_Linear_custom_ftS_tg0_sl336_ll48_pl24_dm512_nh8_el2_dl1_df2048_fc1_ebtimeF_dtTrue_Exp_0  
mse:0.24200262129306793, mae:0.25976306200027466, rse:0.4974902868270874, corr:[0.39385378 0.38700625 0.38399532 0.3820485  0.37955686 0.37757277
 0.3751736  0.37415308 0.37281874 0.37168583 0.37140307 0.37080714
 0.3699744  0.36939067 0.3679541  0.3679965  0.36746708 0.36621588
 0.36603418 0.36492744 0.36437428 0.36385527 0.36358935 0.36186612]

Electricity_720_24_Linear_custom_ftS_tg0_sl720_ll48_pl24_dm512_nh8_el2_dl1_df2048_fc1_ebtimeF_dtTrue_Exp_0  
mse:0.2611595690250397, mae:0.2879904806613922, rse:0.5168060064315796, corr:[0.39300907 0.38594592 0.38308403 0.38081667 0.3773784  0.37457764
 0.37257484 0.37111685 0.3685491  0.36852187 0.3671408  0.36566538
 0.3660704  0.36606306 0.36585703 0.3646849  0.36328295 0.36280403
 0.3619861  0.36072293 0.35971966 0.35932598 0.35976657 0.35832924]

Electricity_96_24_Linear_custom_ftS_tg0_tg10_sl96_ll48_pl24_dm512_nh8_el2_dl1_df2048_fc1_ebtimeF_dtTrue_Exp_0  
mse:0.1349189579486847, mae:0.26819685101509094, rse:0.47394174337387085, corr:[0.3136762  0.3116874  0.31087136 0.3093698  0.30994987 0.31016806
 0.31007382 0.30983162 0.30968472 0.31025863 0.31051543 0.3106369
 0.31004068 0.30967826 0.30953664 0.30990857 0.30976138 0.3098251
 0.31004667 0.30846357 0.30741963 0.30698317 0.3067022  0.30717862]

Electricity_192_24_Linear_custom_ftS_tg0_tg10_sl192_ll48_pl24_dm512_nh8_el2_dl1_df2048_fc1_ebtimeF_dtTrue_Exp_0  
mse:0.10917319357395172, mae:0.24383088946342468, rse:0.4263305962085724, corr:[0.31697005 0.31505942 0.31385875 0.31300184 0.31282035 0.31276336
 0.31266108 0.31194302 0.31173977 0.3121725  0.31223494 0.31265366
 0.31245512 0.3122518  0.31210595 0.31179175 0.31196177 0.31238276
 0.31213102 0.31075215 0.31015232 0.30954707 0.30974218 0.31015375]

Electricity_336_24_Linear_custom_ftS_tg10_sl336_ll48_pl24_dm512_nh8_el2_dl1_df2048_fc1_ebtimeF_dtTrue_Exp_0  
mse:0.10460411012172699, mae:0.23929741978645325, rse:0.41731390357017517, corr:[0.31836727 0.31691107 0.3158365  0.31514272 0.31480545 0.3142874
 0.31394982 0.3137983  0.31359482 0.31437546 0.31474093 0.314785
 0.31455895 0.3141809  0.31414798 0.31404772 0.3144109  0.3146153
 0.314212   0.3126944  0.3117681  0.3114869  0.31121892 0.31176102]

Electricity_720_24_Linear_custom_ftS_tg10_sl720_ll48_pl24_dm512_nh8_el2_dl1_df2048_fc1_ebtimeF_dtTrue_Exp_0  
mse:0.10149405896663666, mae:0.23645739257335663, rse:0.41106337308883667, corr:[0.31882975 0.31743035 0.31611577 0.31552336 0.31480062 0.3145646
 0.31418633 0.31394085 0.31414327 0.31459153 0.31498614 0.3151429
 0.3147504  0.31450394 0.31422067 0.3146314  0.31446204 0.31444386
 0.31402004 0.3124441  0.31098044 0.31100267 0.31140655 0.31225204]

Electricity_96_24_Linear_custom_ftS_tg20_sl96_ll48_pl24_dm512_nh8_el2_dl1_df2048_fc1_ebtimeF_dtTrue_Exp_0  
mse:0.3252485990524292, mae:0.39262181520462036, rse:0.4798838794231415, corr:[0.3405409  0.33699656 0.33366275 0.33179873 0.33140653 0.33065733
 0.33078605 0.33137274 0.3313459  0.33138958 0.33093345 0.33032924
 0.3300734  0.33003414 0.33000976 0.32941312 0.32934967 0.3293728
 0.32955965 0.32971653 0.32951084 0.32998896 0.33004412 0.3299772 ]

Electricity_192_24_Linear_custom_ftS_tg20_sl192_ll48_pl24_dm512_nh8_el2_dl1_df2048_fc1_ebtimeF_dtTrue_Exp_0  
mse:0.2640751898288727, mae:0.35118404030799866, rse:0.43240654468536377, corr:[0.33990967 0.3368101  0.3343645  0.33334622 0.3328746  0.33269
 0.33248684 0.33247292 0.33262843 0.3326744  0.33234683 0.33215836
 0.33160326 0.33153164 0.3314114  0.33111918 0.33098683 0.33065325
 0.3307141  0.3310211  0.3310139  0.33120602 0.33142337 0.3314197 ]

Electricity_336_24_Linear_custom_ftS_tg20_sl336_ll48_pl24_dm512_nh8_el2_dl1_df2048_fc1_ebtimeF_dtTrue_Exp_0  
mse:0.26007080078125, mae:0.34757909178733826, rse:0.42911553382873535, corr:[0.33910936 0.33796898 0.33454615 0.33343348 0.3336115  0.3321326
 0.3331369  0.3314761  0.33121333 0.3335211  0.33284858 0.33287376
 0.331279   0.33085594 0.3320908  0.33204913 0.33091912 0.33164173
 0.33189014 0.33106345 0.3327691  0.3310723  0.330778   0.32995307]

Electricity_720_24_Linear_custom_ftS_tg20_sl720_ll48_pl24_dm512_nh8_el2_dl1_df2048_fc1_ebtimeF_dtTrue_Exp_0  
mse:0.26872727274894714, mae:0.3552097678184509, rse:0.4361986517906189, corr:[0.33836994 0.33697158 0.33383358 0.3330536  0.33164227 0.3327265
 0.33384135 0.33447242 0.33186886 0.33389872 0.3359809  0.333628
 0.33423418 0.33289063 0.3322462  0.33296126 0.3314376  0.3319569
 0.33177996 0.3324646  0.3316765  0.33142173 0.3318341  0.33313906]

Electricity_96_24_Linear_custom_ftS_tg30_sl96_ll48_pl24_dm512_nh8_el2_dl1_df2048_fc1_ebtimeF_dtTrue_Exp_0  
mse:0.21262678503990173, mae:0.30893176794052124, rse:0.48873430490493774, corr:[0.3472805  0.35250726 0.3522335  0.3505725  0.34882075 0.34732947
 0.34696394 0.3476078  0.34744647 0.34743494 0.3457834  0.34474584
 0.34396696 0.34264353 0.3417423  0.34140366 0.3414656  0.340877
 0.34075838 0.34057483 0.34047908 0.34109858 0.34175247 0.34248286]

Electricity_192_24_Linear_custom_ftS_tg30_sl192_ll48_pl24_dm512_nh8_el2_dl1_df2048_fc1_ebtimeF_dtTrue_Exp_0  
mse:0.18354234099388123, mae:0.28285735845565796, rse:0.4540795683860779, corr:[0.34773043 0.3521802  0.35258266 0.35161597 0.3507835  0.349551
 0.34971625 0.34957707 0.34944165 0.34921855 0.3480461  0.3468339
 0.34577426 0.34517014 0.3447122  0.34448448 0.34388012 0.34388396
 0.3435052  0.34308589 0.34340966 0.34328598 0.34369692 0.3448106 ]

Electricity_336_24_Linear_custom_ftS_tg30_sl336_ll48_pl24_dm512_nh8_el2_dl1_df2048_fc1_ebtimeF_dtTrue_Exp_0  
mse:0.1882195621728897, mae:0.2867065668106079, rse:0.45982882380485535, corr:[0.3472612  0.35189724 0.35220027 0.35124764 0.35045576 0.34964314
 0.34934387 0.34909377 0.34865013 0.34819657 0.3465917  0.3455619
 0.34467593 0.34404108 0.34346718 0.34290794 0.34302348 0.34266055
 0.34205127 0.3413953  0.34154445 0.34173632 0.34232888 0.3435495 ]

Electricity_720_24_Linear_custom_ftS_tg30_sl720_ll48_pl24_dm512_nh8_el2_dl1_df2048_fc1_ebtimeF_dtTrue_Exp_0  
mse:0.1902237832546234, mae:0.28981682658195496, rse:0.4622705578804016, corr:[0.34827074 0.35329348 0.3539379  0.35254845 0.35127407 0.34986746
 0.34938478 0.3490447  0.34857166 0.34809247 0.34713852 0.34598854
 0.34512183 0.34418914 0.34399098 0.3432521  0.34259358 0.34294835
 0.34242442 0.34191793 0.34193882 0.34263724 0.3432203  0.34354526]

Electricity_96_24_Linear_custom_ftS_tg40_sl96_ll48_pl24_dm512_nh8_el2_dl1_df2048_fc1_ebtimeF_dtTrue_Exp_0  
mse:0.11331851780414581, mae:0.24918243288993835, rse:0.38443416357040405, corr:[0.35922286 0.35681668 0.35560134 0.35508758 0.35493645 0.35482433
 0.35519892 0.35525912 0.35521343 0.3557387  0.3553419  0.3555301
 0.3564072  0.35696155 0.3571404  0.35700506 0.35710162 0.3574677
 0.357255   0.35642052 0.3563069  0.35707977 0.35750633 0.3580049 ]

Electricity_192_24_Linear_custom_ftS_tg40_sl192_ll48_pl24_dm512_nh8_el2_dl1_df2048_fc1_ebtimeF_dtTrue_Exp_0  
mse:0.07684377580881119, mae:0.2049243152141571, rse:0.31657445430755615, corr:[0.36104897 0.360008   0.3590808  0.35870224 0.3583115  0.3581464
 0.35812744 0.35805106 0.35853094 0.35883352 0.35896036 0.35923293
 0.3593882  0.35994387 0.35984573 0.3600464  0.3603407  0.3603103
 0.36051956 0.36009878 0.36026847 0.3603502  0.36091098 0.36113074]

Electricity_336_24_Linear_custom_ftS_tg40_sl336_ll48_pl24_dm512_nh8_el2_dl1_df2048_fc1_ebtimeF_dtTrue_Exp_0  
mse:0.07366099208593369, mae:0.20043884217739105, rse:0.3099490702152252, corr:[0.36199164 0.36132297 0.36049926 0.36043352 0.35976136 0.3596224
 0.3594041  0.35956347 0.3596286  0.36037397 0.36060417 0.36044848
 0.36056027 0.36134014 0.361484   0.36141413 0.36170998 0.3621922
 0.36219436 0.3619539  0.36211872 0.36164576 0.3621778  0.3620085 ]

Electricity_720_24_Linear_custom_ftS_tg40_sl720_ll48_pl24_dm512_nh8_el2_dl1_df2048_fc1_ebtimeF_dtTrue_Exp_0  
mse:0.06915485113859177, mae:0.1950923502445221, rse:0.30031901597976685, corr:[0.36310104 0.36208838 0.362672   0.36091566 0.35963002 0.35928363
 0.35864305 0.3596851  0.3600073  0.36099455 0.3613591  0.36105132
 0.36162078 0.3625731  0.3626325  0.36283556 0.3625315  0.36195558
 0.36182666 0.36249357 0.3636538  0.3624414  0.36205187 0.36267027]

Electricity_96_24_Linear_custom_ftS_tg50_sl96_ll48_pl24_dm512_nh8_el2_dl1_df2048_fc1_ebtimeF_dtTrue_Exp_0  
mse:0.5729140043258667, mae:0.5906796455383301, rse:0.7438989877700806, corr:[0.37991726 0.35849115 0.34640262 0.33839533 0.3355038  0.33413136
 0.3338229  0.33591884 0.336914   0.3382176  0.33823174 0.33890757
 0.3392821  0.33959994 0.3388432  0.338919   0.33816317 0.33730456
 0.3357314  0.33341387 0.33055836 0.32651913 0.32327506 0.3209659 ]

Electricity_192_24_Linear_custom_ftS_tg50_sl192_ll48_pl24_dm512_nh8_el2_dl1_df2048_fc1_ebtimeF_dtTrue_Exp_0  
mse:0.3840941786766052, mae:0.46985194087028503, rse:0.609099268913269, corr:[0.38278192 0.36775184 0.3616084  0.359622   0.35980433 0.36024997
 0.36066687 0.36151186 0.3616491  0.36175597 0.36190304 0.3617989
 0.36169434 0.36155283 0.36119494 0.36065155 0.36029136 0.36018234
 0.3596294  0.3589539  0.35831615 0.35742235 0.35670665 0.356552  ]

Electricity_336_24_Linear_custom_ftS_tg50_sl336_ll48_pl24_dm512_nh8_el2_dl1_df2048_fc1_ebtimeF_dtTrue_Exp_0  
mse:0.3597804009914398, mae:0.45115888118743896, rse:0.589505672454834, corr:[0.38432556 0.37030253 0.36518294 0.3636893  0.36379555 0.3642445
 0.36443263 0.36464038 0.36473745 0.36480018 0.36456448 0.3641185
 0.36402935 0.36385825 0.36356914 0.36328062 0.3627813  0.36272365
 0.3619069  0.36116564 0.36033338 0.35936278 0.35878283 0.35883686]

Electricity_720_24_Linear_custom_ftS_tg50_sl720_ll48_pl24_dm512_nh8_el2_dl1_df2048_fc1_ebtimeF_dtTrue_Exp_0  
mse:0.34295207262039185, mae:0.43742966651916504, rse:0.575553834438324, corr:[0.3837466  0.36972904 0.36470446 0.3628735  0.36293194 0.36282805
 0.36297253 0.36339977 0.36374882 0.36360335 0.36347613 0.36344877
 0.3634467  0.3632633  0.3628218  0.36225024 0.3623057  0.36236206
 0.36186492 0.36116996 0.36038893 0.35964462 0.35941118 0.35977903]

Electricity_96_24_Linear_custom_ftS_tg60_sl96_ll48_pl24_dm512_nh8_el2_dl1_df2048_fc1_ebtimeF_dtTrue_Exp_0  
mse:0.1533355712890625, mae:0.2886941730976105, rse:0.4083333909511566, corr:[0.29734135 0.29410622 0.2940341  0.2930284  0.2925412  0.29221722
 0.29195535 0.29206428 0.29211566 0.29241398 0.2926825  0.29270732
 0.29265946 0.29262117 0.29266492 0.29250637 0.29297358 0.29306978
 0.29298928 0.29293114 0.29263705 0.2925641  0.29265943 0.29253882]

Electricity_192_24_Linear_custom_ftS_tg60_sl192_ll48_pl24_dm512_nh8_el2_dl1_df2048_fc1_ebtimeF_dtTrue_Exp_0  
mse:0.11777752637863159, mae:0.25173598527908325, rse:0.3578694462776184, corr:[0.29789904 0.29489982 0.29450017 0.29355705 0.29330826 0.29327238
 0.29372084 0.2941889  0.29448894 0.29409188 0.29435435 0.29506218
 0.29479355 0.29489088 0.2948203  0.29534572 0.29531303 0.29539013
 0.2957859  0.29548523 0.29542717 0.29568535 0.29641488 0.29633486]

Electricity_336_24_Linear_custom_ftS_tg60_sl336_ll48_pl24_dm512_nh8_el2_dl1_df2048_fc1_ebtimeF_dtTrue_Exp_0  
mse:0.10974251478910446, mae:0.24218252301216125, rse:0.34544655680656433, corr:[0.29930142 0.29653952 0.29612303 0.29510885 0.2947473  0.29476157
 0.29478142 0.2951274  0.2954702  0.29588044 0.29589447 0.2963532
 0.29635    0.29613438 0.29618317 0.29598683 0.29607075 0.29641524
 0.2964449  0.29615736 0.29583684 0.29616785 0.29681647 0.2974442 ]

Electricity_720_24_Linear_custom_ftS_tg60_sl720_ll48_pl24_dm512_nh8_el2_dl1_df2048_fc1_ebtimeF_dtTrue_Exp_0  
mse:0.1036764606833458, mae:0.23501145839691162, rse:0.33576348423957825, corr:[0.30020076 0.29800394 0.29727316 0.2963763  0.29617947 0.29639518
 0.29644966 0.29677832 0.29690456 0.29740348 0.2974658  0.29757145
 0.2975825  0.29773733 0.29760274 0.29768836 0.29779327 0.29788342
 0.29793912 0.2978526  0.29757386 0.2978548  0.2986524  0.29918903]

Electricity_96_24_Linear_custom_ftS_tg70_sl96_ll48_pl24_dm512_nh8_el2_dl1_df2048_fc1_ebtimeF_dtTrue_Exp_0  
mse:0.2684117257595062, mae:0.36044439673423767, rse:0.5518590807914734, corr:[0.3351501  0.33370563 0.33410385 0.33079174 0.33091074 0.33043736
 0.33162895 0.32938147 0.32643986 0.32499644 0.3247554  0.3259802
 0.32413515 0.32135153 0.32319167 0.32229382 0.31930616 0.31765884
 0.31758806 0.31564936 0.31212664 0.3134554  0.31577116 0.31703568]

Electricity_192_24_Linear_custom_ftS_tg70_sl192_ll48_pl24_dm512_nh8_el2_dl1_df2048_fc1_ebtimeF_dtTrue_Exp_0  
mse:0.22199709713459015, mae:0.32902905344963074, rse:0.5018813610076904, corr:[0.33580294 0.33515385 0.33454365 0.33393264 0.33424062 0.33347982
 0.33289623 0.33231843 0.33152655 0.33014408 0.33045378 0.3292085
 0.32788876 0.3276536  0.32655293 0.32677126 0.32650077 0.32595006
 0.32490218 0.32422283 0.32414812 0.32341823 0.32456413 0.32325542]

Electricity_336_24_Linear_custom_ftS_tg70_sl336_ll48_pl24_dm512_nh8_el2_dl1_df2048_fc1_ebtimeF_dtTrue_Exp_0  
mse:0.20651668310165405, mae:0.32141590118408203, rse:0.4840664863586426, corr:[0.33382845 0.33395103 0.33612597 0.33560172 0.33533642 0.33832636
 0.3399758  0.34153828 0.3385246  0.33245802 0.33239168 0.33121058
 0.33043525 0.33164704 0.33205009 0.33250934 0.33193988 0.33249813
 0.33078277 0.32921156 0.32886046 0.3288373  0.33151796 0.3313548 ]

Electricity_720_24_Linear_custom_ftS_tg70_sl720_ll48_pl24_dm512_nh8_el2_dl1_df2048_fc1_ebtimeF_dtTrue_Exp_0  
mse:0.2088535726070404, mae:0.32289353013038635, rse:0.486797571182251, corr:[0.33554    0.3344843  0.33386964 0.33341044 0.33350775 0.3326973
 0.33151314 0.33013037 0.3293822  0.32907966 0.3291545  0.32803023
 0.32760945 0.32667017 0.32600805 0.325499   0.32536548 0.32455206
 0.32387516 0.32379246 0.32346287 0.32292917 0.32266802 0.3223428 ]

Electricity_48_24_Linear_custom_ftS_tg80_sl48_ll48_pl24_dm512_nh8_el2_dl1_df2048_fc1_ebtimeF_dtTrue_Exp_0  
mse:0.22853729128837585, mae:0.35448378324508667, rse:0.5408615469932556, corr:[0.36036444 0.35818666 0.35770664 0.35685557 0.3565513  0.35695845
 0.35740796 0.35752684 0.35776713 0.35757378 0.35728365 0.35705525
 0.35739416 0.3571684  0.3577037  0.35801113 0.35793838 0.35829312
 0.35793418 0.35637915 0.35652128 0.3566373  0.35799053 0.35909617]

Electricity_192_24_Linear_custom_ftS_tg80_sl192_ll48_pl24_dm512_nh8_el2_dl1_df2048_fc1_ebtimeF_dtTrue_Exp_0  
mse:0.1388416886329651, mae:0.27292177081108093, rse:0.4215678572654724, corr:[0.36274222 0.36042443 0.36008725 0.35882774 0.35921022 0.3608351
 0.36120373 0.3613104  0.3612407  0.36170146 0.36150476 0.36136442
 0.36195758 0.36249298 0.36157662 0.3612385  0.361438   0.3605779
 0.3609562  0.3607746  0.3614228  0.36138552 0.3633316  0.3642726 ]

Electricity_336_24_Linear_custom_ftS_tg80_sl336_ll48_pl24_dm512_nh8_el2_dl1_df2048_fc1_ebtimeF_dtTrue_Exp_0  
mse:0.13162922859191895, mae:0.2643646001815796, rse:0.41047218441963196, corr:[0.3629951  0.3617238  0.36152035 0.3599347  0.35878393 0.35980487
 0.36128628 0.3619598  0.3631993  0.3637044  0.36330807 0.36346877
 0.36380646 0.36359364 0.36360183 0.36386558 0.36332244 0.36314005
 0.36328655 0.36174208 0.3631811  0.3639254  0.3632126  0.3640099 ]

Electricity_720_24_Linear_custom_ftS_tg80_sl720_ll48_pl24_dm512_nh8_el2_dl1_df2048_fc1_ebtimeF_dtTrue_Exp_0  
mse:0.12317073345184326, mae:0.25362250208854675, rse:0.3970647156238556, corr:[0.36353457 0.3635016  0.36354977 0.3631313  0.36278573 0.36288825
 0.3631711  0.36399734 0.36446443 0.36448306 0.3648212  0.36481386
 0.36484855 0.36486953 0.36473086 0.36486733 0.36491734 0.36464182
 0.3646517  0.3644006  0.36414367 0.36412245 0.36490455 0.36574844]

Electricity_96_24_DLinear_custom_ftS_tg40_sl96_ll48_pl24_dm512_nh8_el2_dl1_df2048_fc1_ebtimeF_dtTrue_Exp_0  
mse:0.11303147673606873, mae:0.24864979088306427, rse:0.38394695520401, corr:[0.35954142 0.3570512  0.3557829  0.3549176  0.35444713 0.35432926
 0.35525692 0.3546061  0.3548038  0.35550123 0.3556944  0.35608885
 0.35714483 0.3573847  0.35751468 0.3573587  0.3574487  0.35766116
 0.35732543 0.35668653 0.35656828 0.35640335 0.35714245 0.35797206]

Electricity_192_24_DLinear_custom_ftS_tg40_sl192_ll48_pl24_dm512_nh8_el2_dl1_df2048_fc1_ebtimeF_dtTrue_Exp_0  
mse:0.07665056735277176, mae:0.2045622617006302, rse:0.31617623567581177, corr:[0.36112186 0.35991764 0.35884896 0.35869297 0.35815844 0.35799506
 0.35805786 0.3582531  0.35843635 0.3586895  0.35887405 0.3591231
 0.35938883 0.35973847 0.35981703 0.36015218 0.3603881  0.3603841
 0.36047924 0.36003438 0.36021915 0.3604224  0.36098945 0.361253  ]

Electricity_336_24_DLinear_custom_ftS_tg40_sl336_ll48_pl24_dm512_nh8_el2_dl1_df2048_fc1_ebtimeF_dtTrue_Exp_0  
mse:0.07350802421569824, mae:0.2002156376838684, rse:0.30962705612182617, corr:[0.36235946 0.3620927  0.3614608  0.36119187 0.36082757 0.36055735
 0.3600866  0.3604089  0.35982576 0.36023456 0.3598847  0.3603964
 0.3607788  0.3612177  0.36135828 0.36166096 0.36214358 0.3619194
 0.3617114  0.36172462 0.36150172 0.36217582 0.3623558  0.36194775]

Electricity_720_24_DLinear_custom_ftS_tg40_sl720_ll48_pl24_dm512_nh8_el2_dl1_df2048_fc1_ebtimeF_dtTrue_Exp_0  
mse:0.06892374157905579, mae:0.194658562541008, rse:0.2998168170452118, corr:[0.36255053 0.36218262 0.36198932 0.3616445  0.3607693  0.36069083
 0.35992706 0.35998115 0.3605989  0.360784   0.36140367 0.36016944
 0.3612392  0.36180612 0.36277068 0.36233786 0.36142787 0.36214682
 0.3620351  0.36281246 0.36316726 0.363967   0.36446837 0.36444014]

Electricity_96_24_NLinear_custom_ftS_tg40_sl96_ll48_pl24_dm512_nh8_el2_dl1_df2048_fc1_ebtimeF_dtTrue_Exp_0  
mse:0.11452212184667587, mae:0.25128820538520813, rse:0.38647040724754333, corr:[0.3591148  0.35636032 0.35411066 0.35367122 0.35343695 0.35282803
 0.35350433 0.35269728 0.35344863 0.35288614 0.3526973  0.35372302
 0.35459805 0.3546068  0.35377842 0.3549987  0.3552314  0.35476583
 0.35461348 0.35412127 0.35368815 0.35467082 0.3555304  0.3558789 ]

Electricity_192_24_NLinear_custom_ftS_tg40_sl192_ll48_pl24_dm512_nh8_el2_dl1_df2048_fc1_ebtimeF_dtTrue_Exp_0  
mse:0.07763045281171799, mae:0.2062293440103531, rse:0.3181907832622528, corr:[0.36174482 0.3599598  0.3582159  0.3583708  0.3579553  0.35725626
 0.35423973 0.35585892 0.3568241  0.3585579  0.35851043 0.3589365
 0.35982022 0.3593459  0.35938117 0.35906443 0.36005747 0.35985368
 0.36002597 0.35943785 0.35934475 0.358931   0.35976154 0.36060727]

Electricity_336_24_NLinear_custom_ftS_tg40_sl336_ll48_pl24_dm512_nh8_el2_dl1_df2048_fc1_ebtimeF_dtTrue_Exp_0  
mse:0.0744360163807869, mae:0.20190446078777313, rse:0.31157535314559937, corr:[0.36149085 0.36069682 0.35985252 0.3593857  0.35926527 0.35829166
 0.35873312 0.35872328 0.3581731  0.35809955 0.35968557 0.36002508
 0.36111423 0.3617953  0.36254042 0.3618376  0.36086226 0.3619381
 0.36252758 0.3609075  0.360716   0.3606133  0.3608222  0.36073515]

Electricity_720_24_NLinear_custom_ftS_tg40_sl720_ll48_pl24_dm512_nh8_el2_dl1_df2048_fc1_ebtimeF_dtTrue_Exp_0  
mse:0.06929709017276764, mae:0.19496873021125793, rse:0.300627738237381, corr:[0.36272418 0.36224368 0.36133876 0.3610918  0.36044955 0.36026004
 0.35996005 0.36048332 0.36023045 0.36039943 0.3605331  0.36069855
 0.36102194 0.3610032  0.36162806 0.36201397 0.36178097 0.36213812
 0.36204886 0.36174902 0.36149982 0.36180866 0.3622088  0.36259767]

